200000
194302
188767
183389
178164
173089
168157
163367
158713
154191
149798
145531
141385
137357
133444
129642
125949
122360
118874
115488
112198
109001
105896
102879
99948
97101
94334
91647
89036
86499
84035
81641
79315
77056
74860
72728
70656
68643
66687
64787
62942
61148
59406
57714
56070
54472
52921
51413
49948
48525
47143
45800
44495
43227
41996
40799
39637
38508
37411
36345
35310
34304
33326
32377
31454
30558
29688
28842
28020
27222
26447
25693
24961
24250
23559
22888
22236
21602
20987
20389
19808
19244
18696
18163
17646
17143
16655
16180
15719
15271
14836
14414
14003
13604
13216
12840
12474
12119
11773
11438
11112
10796
10488
10189
9899
9617
9343
9077
8818
8567
8323
8086
7855
7632
7414
7203
6998
6798
6605
6417
6234
6056
5884
5716
5553
5395
5241
5092
4947
4806
4669
4536
4407
4281
4159
4041
3926
3814
3705
3600
3497
3397
3301
3207
3115
3027
2940
2857
2775
2696
2619
2545
2472
2402
2333
2267
2202
2140
2079
2019
1962
1906
1852
1799
1748
1698
1649
1602
1557
1512
1469
1428
1387
1347
1309
1272
1235
1200
1166
1133
1101
1069
1039
1009
980
952
925
899
873
848
824
801
778
756
734
713
693
673
654
636
617
600
583
566
550
534
519
504
490
476
462
449
436
424
412
400
389
378
367
357
346
336
327
318
309
300
291
283
275
267
259
252
245
238
231
225
218
212
206
200
